eeeeeeeeeeeeeeeeeeeeeeeeeeeeeeeeeeeeeeeeeeeeeeeeeee7777777777777777eeeeeeeeeeeeeeeeeeeeeeeeeeeeeeeeeeeeeeeeeeeeeeeeeeeeeeeeeeeeeeeeee77777777777ee777777777777777eeeeeeeeeeeeeeeeeeeeeeeeeeeeeeeeeeeeeee
e                                                                 7                 890                              890             77777777777  777777777777777                                      e
e890                                  890          c              7        890                890           890                      77777777777  777777777777777              890              890    e
e              890      890                   890         777     7  c                  c                                 890    890 77777777777  7                 890                                e
e         890        c         890                 777      7        890                          890         4556            c                7  7                                    890             e
e                                                    7      7              4556        4556                                                    7                            890                        e
e    890                                             7      7                                              890      456              77777777  7            7                          c       890     e
e                                                    777    7                                         45556                          77777777  7  7         7                         ccc              e
e           c            4556            4556        7      7               45556            45556                                   77777777  7  7777777777777      456               c               e
e                                                    7      7       4556             777                        77      7    7       77777777     7 c                                                  e
e                                45556                      7                        777                        77      7c   7       77777777777777                                                 w  e
111113  2113   21111113                           211111111111111111111111111111111111111111111                 11      13   11111111111111111111111111111111111113       211111111111111111111111111111
                                                                                                                                                                                                        